00
00
02
02
02
02
02
02
02
02
04
06
06
06
06
04
02
02
02
02
02
02
02
02
02
02
02
02
02
02
02
02
02
02
02
02
02
02
02
02
02
02
00
06
06
06
06
06
06
08
14
16
14
12
12
12
10
10
08
08
06
06
06
06
04
04
04
04
04
04
04
06
06
04
04
04
04
06
06
06
06
06
06
00
08
08
10
10
10
14
14
14
12
12
12
12
12
12
10
10
10
08
08
08
08
08
06
06
06
06
06
08
08
08
06
06
06
06
08
08
10
10
08
08
00
12
12
12
14
16
12
12
12
10
10
10
10
10
10
12
12
10
10
10
10
08
08
08
08
08
08
08
10
10
10
08
08
08
08
10
10
10
10
12
12
00
14
14
14
16
14
12
10
10
08
08
08
08
08
08
10
12
12
10
10
10
10
08
08
08
08
08
08
10
12
12
10
10
10
10
10
12
12
12
14
14
00
14
14
14
12
10
08
08
06
06
06
06
06
06
06
08
08
10
10
10
10
08
08
08
06
06
08
08
10
10
12
12
10
10
10
10
12
12
12
12
14
00
10
10
12
10
08
06
06
06
04
04
04
04
04
04
06
06
08
08
08
08
06
06
06
06
06
06
06
08
10
10
12
10
10
10
10
10
10
10
10
10
00
08
08
08
06
04
04
04
02
02
02
02
02
02
02
04
04
04
06
06
06
04
04
04
04
04
04
06
06
06
08
10
08
08
08
06
06
08
08
08
08
00
